_version.3D31.3.14.0.26coreVersion.3Dqemu2.25202.12.0 = 1699706194
_version.3D32.1.15.0.26coreVersion.3Dqemu2.25202.12.0 = 1700894319
